A	m_avg	m_std	f_avg	f_std	z_avg	z_std	mc
400	39.420000	3.726070	41.360000	4.444097	38.630000	3.804353	0.000000	100.000000
500	31.610000	5.145668	33.550000	5.619609	30.820000	5.256196	0.000000	100.000000
600	25.040000	5.114528	26.970000	5.471746	24.250000	5.263791	0.000000	100.000000
700	20.420000	4.697191	22.340000	5.109795	19.640000	4.848752	0.000000	100.000000
800	16.640000	4.203617	18.540000	4.632494	15.870000	4.399216	0.000000	100.000000
900	13.840000	4.004298	15.730000	4.579301	13.070000	4.174338	0.000000	100.000000
1000	11.610000	3.949418	13.480000	4.705316	10.840000	4.078529	0.000000	100.000000
1100	10.010000	3.653751	11.830000	4.550824	9.280000	3.723117	0.000000	100.000000
1200	8.670000	3.438183	10.410000	4.373786	7.950000	3.496784	0.000000	100.000000
1300	7.770000	3.045833	9.410000	4.043513	7.060000	3.075126	0.000000	100.000000
1400	6.700000	2.840775	8.270000	3.959798	6.010000	2.837235	0.000000	100.000000
1500	5.860000	2.557421	7.340000	3.814446	5.180000	2.519444	0.000000	100.000000
1600	5.400000	2.501999	6.760000	3.700000	4.750000	2.414022	0.000000	100.000000
1700	4.920000	2.335294	6.190000	3.458323	4.310000	2.234704	0.000000	100.000000
1800	4.474747	2.235361	5.717172	3.405284	3.878788	2.090250	0.000000	99.000000
1900	3.989899	2.067033	5.151515	3.171846	3.429293	1.938460	0.010101	99.000000
2000	3.636364	2.022373	4.727273	3.110750	3.095960	1.870392	0.010101	99.000000
2100	3.275510	1.828240	4.306122	2.906713	2.744898	1.675521	0.020408	98.000000
2200	3.020408	1.696212	3.877551	2.525381	2.551020	1.564090	0.020408	98.000000
2300	2.816327	1.655830	3.602041	2.441144	2.372449	1.510695	0.010204	98.000000
2400	2.649485	1.573238	3.381443	2.337502	2.237113	1.427081	0.000000	97.000000
2500	2.510638	1.514081	3.148936	2.264434	2.148936	1.344472	0.000000	94.000000
2600	2.365591	1.457535	2.956989	2.189908	2.021505	1.278259	0.000000	93.000000
2700	2.285714	1.385051	2.824176	2.032700	1.945055	1.207692	0.000000	91.000000
2800	2.186813	1.300144	2.681319	1.883999	1.857143	1.085078	0.000000	91.000000
2900	2.159091	1.242124	2.625000	1.748376	1.852273	1.071742	0.000000	88.000000
3000	2.081395	1.183365	2.523256	1.745426	1.779070	0.993012	0.000000	86.000000
3100	2.000000	1.151217	2.409639	1.528839	1.698795	0.966112	0.000000	83.000000
3200	1.950000	1.082820	2.325000	1.470544	1.675000	0.905193	0.000000	80.000000
3300	1.844156	0.994334	2.168831	1.328997	1.584416	0.842856	0.000000	77.000000
3400	1.849315	0.960468	2.178082	1.255126	1.575342	0.826244	0.000000	73.000000
3500	1.865672	0.928737	2.164179	1.184477	1.597015	0.811479	0.000000	67.000000
3600	1.776119	0.825361	2.074627	1.106291	1.507463	0.720140	0.000000	67.000000
3700	1.746269	0.816678	2.029851	1.092717	1.492537	0.720140	0.000000	67.000000
3800	1.716418	0.806799	1.985075	1.014816	1.477612	0.719830	0.000000	67.000000
3900	1.666667	0.804030	1.878788	0.758787	1.454545	0.742270	0.000000	66.000000
4000	1.584615	0.762431	1.784615	0.679366	1.384615	0.716666	0.000000	65.000000
4100	1.532258	0.665213	1.725806	0.538816	1.338710	0.646169	0.000000	62.000000
4200	1.491803	0.668322	1.655738	0.512148	1.327869	0.645827	0.000000	61.000000
4300	1.474576	0.672862	1.644068	0.520756	1.305085	0.644514	0.000000	59.000000
4400	1.448276	0.647872	1.620690	0.508548	1.275862	0.610062	0.000000	58.000000
4500	1.403509	0.617285	1.561404	0.675382	1.245614	0.570648	0.000000	57.000000
4600	1.368421	0.610768	1.508772	0.648886	1.228070	0.562499	0.000000	57.000000
4700	1.357143	0.610286	1.500000	0.654654	1.214286	0.557875	0.000000	56.000000
4800	1.363636	0.613889	1.490909	0.632456	1.236364	0.570921	0.000000	55.000000
4900	1.339623	0.612554	1.452830	0.614295	1.226415	0.571047	0.000000	53.000000
5000	1.333333	0.615699	1.450980	0.626224	1.215686	0.570989	0.000000	51.000000
5100	1.320000	0.614492	1.440000	0.632456	1.200000	0.565685	0.000000	50.000000
5200	1.320000	0.614492	1.440000	0.632456	1.200000	0.565685	0.000000	50.000000
5300	1.306122	0.578671	1.428571	0.606092	1.183673	0.521907	0.000000	49.000000
5400	1.297872	0.580348	1.404255	0.583460	1.191489	0.531489	0.000000	47.000000
5500	1.311111	0.589622	1.422222	0.596285	1.200000	0.541603	0.000000	45.000000
5600	1.272727	0.578542	1.363636	0.564076	1.181818	0.533970	0.000000	44.000000
5700	1.279070	0.583716	1.372093	0.570597	1.186047	0.539415	0.000000	43.000000
5800	1.268293	0.542100	1.365854	0.541002	1.170732	0.489023	0.000000	41.000000
5900	1.243902	0.531013	1.341463	0.541002	1.146341	0.471685	0.000000	41.000000
6000	1.200000	0.458258	1.275000	0.447214	1.125000	0.399218	0.000000	40.000000
6100	1.153846	0.425981	1.230769	0.554700	1.076923	0.349697	0.000000	39.000000
6200	1.162162	0.435798	1.243243	0.569495	1.081081	0.358554	0.000000	37.000000
6300	1.147059	0.429251	1.235294	0.594089	1.058824	0.337915	0.000000	34.000000
6400	1.151515	0.434930	1.242424	0.603023	1.060606	0.342840	0.000000	33.000000
6500	1.151515	0.434930	1.242424	0.603023	1.060606	0.342840	0.000000	33.000000
6600	1.090909	0.287480	1.181818	0.522233	1.000000	0.000000	0.000000	33.000000
6700	1.093750	0.291481	1.187500	0.530330	1.000000	0.000000	0.000000	32.000000
6800	1.096774	0.295650	1.193548	0.538816	1.000000	0.000000	0.000000	31.000000
6900	1.100000	0.300000	1.200000	0.547723	1.000000	0.000000	0.000000	30.000000
7000	1.100000	0.300000	1.200000	0.547723	1.000000	0.000000	0.000000	30.000000
7100	1.103448	0.304543	1.206897	0.557086	1.000000	0.000000	0.000000	29.000000
7200	1.103448	0.304543	1.172414	0.454859	1.034483	0.182466	0.000000	29.000000
7300	1.068966	0.253395	1.137931	0.454859	1.000000	0.000000	0.000000	29.000000
7400	1.068966	0.253395	1.137931	0.454859	1.000000	0.000000	0.000000	29.000000
7500	1.071429	0.257539	1.142857	0.462910	1.000000	0.000000	0.000000	28.000000
7600	1.076923	0.266469	1.153846	0.480384	1.000000	0.000000	0.000000	26.000000
7700	1.076923	0.266469	1.153846	0.480384	1.000000	0.000000	0.000000	26.000000
7800	1.076923	0.266469	1.153846	0.480384	1.000000	0.000000	0.000000	26.000000
7900	1.076923	0.266469	1.153846	0.480384	1.000000	0.000000	0.000000	26.000000
8000	1.076923	0.266469	1.153846	0.480384	1.000000	0.000000	0.000000	26.000000
8100	1.076923	0.266469	1.153846	0.480384	1.000000	0.000000	0.000000	26.000000
8200	1.083333	0.276385	1.166667	0.500000	1.000000	0.000000	0.000000	24.000000
8300	1.083333	0.276385	1.166667	0.500000	1.000000	0.000000	0.000000	24.000000
8400	1.086957	0.281771	1.173913	0.510754	1.000000	0.000000	0.000000	23.000000
8500	1.086957	0.281771	1.173913	0.510754	1.000000	0.000000	0.000000	23.000000
8600	1.086957	0.281771	1.173913	0.510754	1.000000	0.000000	0.000000	23.000000
8700	1.086957	0.281771	1.173913	0.510754	1.000000	0.000000	0.000000	23.000000
8800	1.086957	0.281771	1.173913	0.510754	1.000000	0.000000	0.000000	23.000000
8900	1.095238	0.293544	1.190476	0.534522	1.000000	0.000000	0.000000	21.000000
9000	1.100000	0.300000	1.200000	0.547723	1.000000	0.000000	0.000000	20.000000
