60	10000	1	4	15	0	1.000000	0.000163	0.000095	0
60	10000	2	7	59	0	2.000000	0.000296	0.000143	0
60	10000	3	6	47	0	2.000000	0.000214	0.000114	0
60	10000	4	4	15	0	1.000000	0.000145	0.000071	0
60	10000	5	5	18	0	2.000000	0.000158	0.000103	0
60	10000	6	8	79	0	4.000000	0.000386	0.000173	0
60	10000	7	4	11	0	2.000000	0.000147	0.000078	0
60	10000	8	7	23	0	5.000000	0.000161	0.000098	0
60	10000	9	6	23	0	3.000000	0.000182	0.000104	0
60	10000	10	3	7	0	1.000000	0.000140	0.000068	0
60	10000	11	5	15	0	3.000000	0.000164	0.000087	0
60	10000	12	7	55	0	3.000000	0.000243	0.000143	0
60	10000	13	6	63	0	1.000000	0.000243	0.000117	0
60	10000	14	5	31	0	1.000000	0.000176	0.000088	0
60	10000	15	3	7	0	1.000000	0.000145	0.000070	0
60	10000	16	0	0	0	0	0	0	1
60	10000	17	6	31	0	3.000000	0.000186	0.000100	0
60	10000	18	6	47	0	2.000000	0.000194	0.000120	0
60	10000	19	7	95	0	2.000000	0.000302	0.000169	0
60	10000	20	4	15	0	1.000000	0.000157	0.000076	0
60	10000	21	5	23	0	2.000000	0.000167	0.000086	0
60	10000	22	6	47	0	2.000000	0.000221	0.000111	0
60	10000	23	8	191	0	2.000000	0.000596	0.000276	0
60	10000	24	7	127	0	1.000000	0.000363	0.000181	0
60	10000	25	7	95	0	2.000000	0.000308	0.000168	0
60	10000	26	5	19	0	2.000000	0.000173	0.000089	0
60	10000	27	4	5	0	3.000000	0.000143	0.000069	0
60	10000	28	9	255	0	3.000000	0.000626	0.000345	0
60	10000	29	4	15	0	1.000000	0.000152	0.000075	0
60	10000	30	8	95	0	3.000000	0.000364	0.000198	0
60	10000	31	4	15	0	1.000000	0.000155	0.000082	0
60	10000	32	4	11	0	2.000000	0.000145	0.000075	0
60	10000	33	4	7	0	3.000000	0.000147	0.000072	0
60	10000	34	8	136	0	2.000000	0.000458	0.000233	0
60	10000	35	5	31	0	1.000000	0.000172	0.000086	0
60	10000	36	8	125	0	2.000000	0.000388	0.000233	0
60	10000	37	5	19	0	2.000000	0.000149	0.000095	0
60	10000	38	8	89	0	2.000000	0.000356	0.000178	0
60	10000	39	8	255	0	1.000000	0.000609	0.000308	0
60	10000	40	6	31	0	3.000000	0.000173	0.000100	0
60	10000	41	1	1	0	1.000000	0.000129	0.000060	0
60	10000	42	3	7	0	1.000000	0.000138	0.000067	0
60	10000	43	5	11	0	3.000000	0.000151	0.000081	0
60	10000	44	11	479	0	3.000000	0.001266	0.000883	0
60	10000	45	6	47	0	2.000000	0.000199	0.000099	0
60	10000	46	4	15	0	1.000000	0.000144	0.000081	0
60	10000	47	5	31	0	1.000000	0.000181	0.000088	0
60	10000	48	5	31	0	1.000000	0.000176	0.000086	0
60	10000	49	5	31	0	1.000000	0.000180	0.000093	0
60	10000	50	8	143	0	2.000000	0.000384	0.000246	0
60	10000	51	6	63	0	1.000000	0.000231	0.000122	0
60	10000	52	3	5	0	2.000000	0.000137	0.000071	0
60	10000	53	6	19	0	4.000000	0.000161	0.000100	0
60	10000	54	6	39	0	2.000000	0.000203	0.000112	0
60	10000	55	8	127	0	3.000000	0.000477	0.000205	0
60	10000	56	6	39	0	2.000000	0.000197	0.000109	0
60	10000	57	6	63	0	1.000000	0.000229	0.000124	0
60	10000	58	6	23	0	3.000000	0.000185	0.000090	0
60	10000	59	2	3	0	1.000000	0.000134	0.000066	0
60	10000	60	8	191	0	2.000000	0.000471	0.000266	0
60	10000	61	6	53	1	1.500000	0.000202	0.000145	0
60	10000	62	7	43	0	3.000000	0.000196	0.000127	0
60	10000	63	2	3	0	1.000000	0.000137	0.000064	0
60	10000	64	8	71	0	4.000000	0.000312	0.000162	0
60	10000	65	3	7	0	1.000000	0.000132	0.000065	0
60	10000	66	6	63	0	1.000000	0.000221	0.000112	0
60	10000	67	4	15	0	1.000000	0.000156	0.000078	0
60	10000	68	5	23	0	2.000000	0.000186	0.000090	0
60	10000	69	7	63	0	3.000000	0.000227	0.000136	0
60	10000	70	4	15	0	1.000000	0.000143	0.000069	0
60	10000	71	6	29	0	2.000000	0.000197	0.000106	0
60	10000	72	4	15	0	1.000000	0.000155	0.000073	0
60	10000	73	3	7	0	1.000000	0.000140	0.000069	0
60	10000	74	3	7	0	1.000000	0.000142	0.000067	0
60	10000	75	6	47	0	2.000000	0.000236	0.000114	0
60	10000	76	6	47	0	2.000000	0.000207	0.000114	0
60	10000	77	7	127	0	1.000000	0.000344	0.000185	0
60	10000	78	8	96	0	3.000000	0.000316	0.000173	0
60	10000	79	5	19	0	2.000000	0.000170	0.000086	0
60	10000	80	8	127	0	3.000000	0.000331	0.000209	0
60	10000	81	7	63	0	3.000000	0.000222	0.000137	0
60	10000	82	6	47	0	2.000000	0.000230	0.000111	0
60	10000	83	9	191	0	3.000000	0.000545	0.000260	0
60	10000	84	5	31	0	1.000000	0.000179	0.000088	0
60	10000	85	7	127	0	1.000000	0.000363	0.000163	0
60	10000	86	7	71	0	2.000000	0.000297	0.000139	0
60	10000	87	10	767	0	2.000000	0.001711	0.000881	0
60	10000	88	6	35	0	2.000000	0.000207	0.000100	0
60	10000	89	6	47	0	2.000000	0.000224	0.000121	0
60	10000	90	5	23	0	2.000000	0.000182	0.000092	0
60	10000	91	10	511	0	3.000000	0.001067	0.000656	0
60	10000	92	7	71	0	2.000000	0.000269	0.000157	0
60	10000	93	4	15	0	1.000000	0.000142	0.000070	0
60	10000	94	6	47	0	2.000000	0.000191	0.000102	0
60	10000	95	9	99	0	4.000000	0.000318	0.000232	0
60	10000	96	11	207	0	6.000000	0.001088	0.000326	0
60	10000	97	5	31	0	1.000000	0.000161	0.000078	0
60	10000	98	3	7	0	1.000000	0.000127	0.000060	0
60	10000	99	5	23	0	2.000000	0.000155	0.000081	0
60	10000	100	6	34	0	2.000000	0.000166	0.000110	0
60	9000	1	6	43	0	2.000000	0.000207	0.000123	0
60	9000	2	8	95	0	3.000000	0.000399	0.000183	0
60	9000	3	7	95	0	2.000000	0.000280	0.000164	0
60	9000	4	4	15	0	1.000000	0.000152	0.000075	0
60	9000	5	9	59	0	5.000000	0.000273	0.000165	0
60	9000	6	9	191	0	3.000000	0.000756	0.000302	0
60	9000	7	6	31	0	3.000000	0.000187	0.000108	0
60	9000	8	11	82	0	7.000000	0.000372	0.000213	0
60	9000	9	7	25	0	4.000000	0.000198	0.000102	0
60	9000	10	4	15	0	1.000000	0.000131	0.000065	0
60	9000	11	5	15	0	3.000000	0.000160	0.000096	0
60	9000	12	8	119	1	2.000000	0.000367	0.000228	0
60	9000	13	8	191	0	2.000000	0.000526	0.000303	0
60	9000	14	6	47	0	2.000000	0.000210	0.000113	0
60	9000	15	5	18	0	2.000000	0.000175	0.000081	0
60	9000	16	2	3	0	1.000000	0.000130	0.000068	0
60	9000	17	8	71	0	3.000000	0.000309	0.000179	0
60	9000	18	8	71	0	3.000000	0.000351	0.000169	0
60	9000	19	9	291	0	2.000000	0.000679	0.000401	0
60	9000	20	5	23	0	2.000000	0.000150	0.000081	0
60	9000	21	8	95	0	3.000000	0.000305	0.000183	0
60	9000	22	7	95	0	2.000000	0.000326	0.000153	0
60	9000	23	10	511	0	3.000000	0.001124	0.000672	0
60	9000	24	8	155	0	2.000000	0.000439	0.000249	0
60	9000	25	9	227	0	2.000000	0.000596	0.000392	0
60	9000	26	5	23	0	2.000000	0.000163	0.000090	0
60	9000	27	4	5	0	3.000000	0.000144	0.000069	0
60	9000	28	9	319	0	2.000000	0.000758	0.000379	0
60	9000	29	6	47	0	2.000000	0.000225	0.000116	0
60	9000	30	10	215	1	3.000000	0.000678	0.000427	0
60	9000	31	4	15	0	1.000000	0.000153	0.000073	0
60	9000	32	5	13	0	3.000000	0.000151	0.000082	0
60	9000	33	6	31	0	3.000000	0.000183	0.000107	0
60	9000	34	9	191	0	3.000000	0.000636	0.000326	0
60	9000	35	8	79	0	3.000000	0.000302	0.000153	0
60	9000	36	9	191	0	2.000000	0.000517	0.000345	0
60	9000	37	6	24	0	2.000000	0.000181	0.000090	0
60	9000	38	8	95	0	2.000000	0.000348	0.000195	0
60	9000	39	8	255	0	1.000000	0.000616	0.000319	0
60	9000	40	7	95	0	2.000000	0.000261	0.000163	0
60	9000	41	3	7	0	1.000000	0.000134	0.000061	0
60	9000	42	6	35	0	2.000000	0.000190	0.000118	0
60	9000	43	7	47	0	3.000000	0.000211	0.000122	0
60	9000	44	13	1439	1	3.000000	0.004277	0.003046	0
60	9000	45	7	95	0	2.000000	0.000287	0.000159	0
60	9000	46	4	15	0	1.000000	0.000154	0.000077	0
60	9000	47	7	127	0	1.000000	0.000353	0.000186	0
60	9000	48	6	47	0	2.000000	0.000204	0.000113	0
60	9000	49	5	31	0	1.000000	0.000180	0.000087	0
60	9000	50	12	738	0	3.000000	0.002780	0.001277	0
60	9000	51	9	383	0	2.000000	0.000997	0.000458	0
60	9000	52	4	11	0	2.000000	0.000146	0.000075	0
60	9000	53	6	19	0	4.000000	0.000180	0.000096	0
60	9000	54	6	47	0	2.000000	0.000198	0.000124	0
60	9000	55	13	540	1	4.000000	0.002924	0.000962	0
60	9000	56	10	63	0	4.000000	0.000257	0.000189	0
60	9000	57	6	63	0	1.000000	0.000241	0.000119	0
60	9000	58	6	27	0	3.000000	0.000195	0.000098	0
60	9000	59	2	3	0	1.000000	0.000132	0.000063	0
60	9000	60	11	479	0	4.000000	0.001164	0.000692	0
60	9000	61	7	60	0	2.000000	0.000239	0.000165	0
60	9000	62	9	143	0	3.000000	0.000455	0.000252	0
60	9000	63	6	34	0	2.000000	0.000211	0.000100	0
60	9000	64	9	171	0	3.000000	0.000627	0.000280	0
60	9000	65	3	7	0	1.000000	0.000140	0.000066	0
60	9000	66	8	143	0	2.000000	0.000380	0.000222	0
60	9000	67	6	27	0	2.000000	0.000160	0.000097	0
60	9000	68	7	71	0	2.000000	0.000305	0.000141	0
60	9000	69	8	111	0	3.000000	0.000307	0.000203	0
60	9000	70	6	27	0	3.000000	0.000195	0.000098	0
60	9000	71	6	35	0	2.000000	0.000205	0.000109	0
60	9000	72	4	15	0	1.000000	0.000154	0.000073	0
60	9000	73	4	15	0	1.000000	0.000146	0.000071	0
60	9000	74	3	7	0	1.000000	0.000143	0.000071	0
60	9000	75	7	71	0	2.000000	0.000296	0.000137	0
60	9000	76	6	47	0	2.000000	0.000203	0.000112	0
60	9000	77	7	127	0	1.000000	0.000306	0.000161	0
60	9000	78	9	215	0	2.000000	0.000706	0.000319	0
60	9000	79	6	47	0	2.000000	0.000188	0.000129	0
60	9000	80	9	159	0	3.000000	0.000450	0.000301	0
60	9000	81	12	419	1	3.000000	0.001506	0.000754	0
60	9000	82	7	95	0	2.000000	0.000318	0.000154	0
60	9000	83	11	321	0	4.000000	0.001011	0.000555	0
60	9000	84	6	63	0	1.000000	0.000221	0.000109	0
60	9000	85	9	239	0	2.000000	0.000523	0.000353	0
60	9000	86	7	71	0	2.000000	0.000278	0.000131	0
60	9000	87	10	767	0	2.000000	0.001629	0.000945	0
60	9000	88	8	71	0	3.000000	0.000321	0.000153	0
60	9000	89	6	47	0	2.000000	0.000212	0.000115	0
60	9000	90	5	23	0	2.000000	0.000174	0.000082	0
60	9000	91	10	511	0	3.000000	0.001101	0.000632	0
60	9000	92	8	119	0	2.000000	0.000421	0.000226	0
60	9000	93	5	31	0	1.000000	0.000175	0.000086	0
60	9000	94	9	159	0	3.000000	0.000656	0.000258	0
60	9000	95	10	119	0	5.000000	0.000361	0.000286	0
60	9000	96	13	571	1	6.000000	0.002951	0.001095	0
60	9000	97	5	31	0	1.000000	0.000156	0.000089	0
60	9000	98	7	71	0	2.000000	0.000260	0.000161	0
60	9000	99	6	35	0	2.000000	0.000207	0.000111	0
60	9000	100	7	99	1	1.500000	0.000312	0.000183	0
60	8000	1	8	95	1	2.333333	0.000422	0.000207	0
60	8000	2	9	191	0	3.000000	0.000680	0.000328	0
60	8000	3	11	182	0	4.000000	0.000683	0.000357	0
60	8000	4	4	15	0	1.000000	0.000143	0.000071	0
60	8000	5	11	142	0	5.000000	0.000501	0.000327	0
60	8000	6	10	383	0	3.000000	0.001316	0.000495	0
60	8000	7	7	71	0	2.000000	0.000240	0.000146	0
60	8000	8	13	150	0	8.000000	0.000885	0.000327	0
60	8000	9	7	31	0	3.000000	0.000205	0.000109	0
60	8000	10	5	23	0	2.000000	0.000170	0.000088	0
60	8000	11	6	31	0	3.000000	0.000223	0.000103	0
60	8000	12	8	151	1	2.000000	0.000374	0.000231	0
60	8000	13	11	436	0	3.000000	0.001497	0.000712	0
60	8000	14	9	211	0	2.000000	0.000535	0.000380	0
60	8000	15	5	23	0	2.000000	0.000157	0.000088	0
60	8000	16	5	23	0	2.000000	0.000174	0.000092	0
60	8000	17	12	300	1	5.000000	0.001048	0.000600	0
60	8000	18	12	479	0	4.000000	0.001903	0.000759	0
60	8000	19	11	510	0	3.000000	0.001358	0.000806	0
60	8000	20	7	39	0	3.000000	0.000223	0.000116	0
60	8000	21	10	251	0	3.000000	0.000749	0.000461	0
60	8000	22	7	95	0	2.000000	0.000353	0.000170	0
60	8000	23	13	1057	1	3.000000	0.003044	0.001936	0
60	8000	24	9	383	0	2.000000	0.000822	0.000471	0
60	8000	25	10	317	1	3.000000	0.000809	0.000564	0
60	8000	26	6	35	0	2.000000	0.000200	0.000115	0
60	8000	27	9	25	0	6.000000	0.000191	0.000094	0
60	8000	28	11	1151	0	2.000000	0.003496	0.001353	0
60	8000	29	8	99	1	2.000000	0.000311	0.000195	0
60	8000	30	13	356	1	4.000000	0.001104	0.000737	0
60	8000	31	5	23	0	2.000000	0.000152	0.000081	0
60	8000	32	7	48	0	3.000000	0.000189	0.000127	0
60	8000	33	8	55	0	3.000000	0.000297	0.000129	0
60	8000	34	11	298	1	4.000000	0.000983	0.000573	0
60	8000	35	12	263	0	5.000000	0.000879	0.000426	0
60	8000	36	10	271	0	3.000000	0.000939	0.000450	0
60	8000	37	7	55	0	3.000000	0.000213	0.000126	0
60	8000	38	9	143	1	2.500000	0.000543	0.000273	0
60	8000	39	10	1023	0	1.000000	0.002349	0.001151	0
60	8000	40	9	119	0	4.000000	0.000481	0.000236	0
60	8000	41	6	26	1	2.000000	0.000175	0.000102	0
60	8000	42	8	80	0	3.000000	0.000300	0.000193	0
60	8000	43	11	309	0	4.000000	0.001341	0.000453	0
60	8000	44	14	3839	1	3.000000	0.011735	0.008613	0
60	8000	45	11	479	1	3.000000	0.001193	0.000839	0
60	8000	46	5	23	0	2.000000	0.000153	0.000086	0
60	8000	47	9	197	1	2.000000	0.000509	0.000423	0
60	8000	48	7	95	0	2.000000	0.000292	0.000173	0
60	8000	49	7	95	0	2.000000	0.000301	0.000165	0
60	8000	50	13	1527	1	3.000000	0.003647	0.002676	0
60	8000	51	9	383	0	2.000000	0.001035	0.000463	0
60	8000	52	4	11	0	2.000000	0.000148	0.000076	0
60	8000	53	10	91	0	6.000000	0.000306	0.000230	0
60	8000	54	8	187	0	2.000000	0.000463	0.000293	0
60	8000	55	17	3282	0	4.000000	0.021462	0.006510	0
60	8000	56	10	211	0	3.000000	0.000615	0.000387	0
60	8000	57	7	95	0	2.000000	0.000307	0.000149	0
60	8000	58	6	31	0	3.000000	0.000196	0.000103	0
60	8000	59	6	23	0	3.000000	0.000175	0.000103	0
60	8000	60	13	1151	0	5.000000	0.002548	0.001725	0
60	8000	61	11	373	1	3.000000	0.001203	0.000616	0
60	8000	62	9	143	0	3.000000	0.000442	0.000261	0
60	8000	63	7	95	0	2.000000	0.000283	0.000165	0
60	8000	64	12	551	1	4.000000	0.002075	0.001055	0
60	8000	65	6	25	0	3.000000	0.000170	0.000095	0
60	8000	66	9	479	1	1.333333	0.001085	0.000848	0
60	8000	67	10	296	0	3.000000	0.001396	0.000446	0
60	8000	68	7	95	0	2.000000	0.000297	0.000158	0
60	8000	69	10	279	0	3.000000	0.000959	0.000432	0
60	8000	70	7	39	0	3.000000	0.000223	0.000124	0
60	8000	71	10	151	1	3.000000	0.000474	0.000312	0
60	8000	72	5	23	0	2.000000	0.000164	0.000091	0
60	8000	73	5	19	0	2.000000	0.000169	0.000087	0
60	8000	74	4	15	0	1.000000	0.000146	0.000073	0
60	8000	75	9	143	0	3.000000	0.000513	0.000255	0
60	8000	76	8	83	0	3.000000	0.000276	0.000180	0
60	8000	77	10	383	0	3.000000	0.001405	0.000487	0
60	8000	78	12	508	0	4.000000	0.002059	0.000825	0
60	8000	79	9	119	0	3.000000	0.000509	0.000218	0
60	8000	80	10	243	0	3.000000	0.000650	0.000386	0
60	8000	81	14	1080	1	4.000000	0.002990	0.001967	0
60	8000	82	8	143	0	2.000000	0.000502	0.000189	0
60	8000	83	12	767	0	4.000000	0.001815	0.001149	0
60	8000	84	8	93	0	2.000000	0.000348	0.000200	0
60	8000	85	11	299	0	4.000000	0.000754	0.000464	0
60	8000	86	8	90	0	3.000000	0.000352	0.000175	0
60	8000	87	11	959	0	2.000000	0.002776	0.001311	0
60	8000	88	12	299	0	4.000000	0.001316	0.000464	0
60	8000	89	8	79	1	2.333333	0.000271	0.000184	0
60	8000	90	9	101	0	3.000000	0.000338	0.000196	0
60	8000	91	11	767	0	3.000000	0.001623	0.001034	0
60	8000	92	9	129	0	3.000000	0.000505	0.000248	0
60	8000	93	9	167	0	3.000000	0.000535	0.000328	0
60	8000	94	11	295	0	3.000000	0.001227	0.000487	0
60	8000	95	13	191	0	7.000000	0.000559	0.000467	0
60	8000	96	14	831	1	6.000000	0.004506	0.001725	0
60	8000	97	5	31	0	1.000000	0.000189	0.000087	0
60	8000	98	10	308	1	2.000000	0.000784	0.000416	0
60	8000	99	9	74	1	3.000000	0.000346	0.000205	0
60	8000	100	8	191	0	2.000000	0.000525	0.000272	0
60	7000	1	12	163	0	6.000000	0.000853	0.000298	0
60	7000	2	13	539	0	4.000000	0.003030	0.001002	0
60	7000	3	14	369	1	5.000000	0.001793	0.000790	0
60	7000	4	9	55	0	4.000000	0.000259	0.000136	0
60	7000	5	15	607	1	8.000000	0.002525	0.001265	0
60	7000	6	11	431	0	3.000000	0.001554	0.000574	0
60	7000	7	11	161	0	4.000000	0.001945	0.000319	0
60	7000	8	21	1919	1	9.000000	0.009306	0.005245	0
60	7000	9	13	503	0	5.000000	0.002392	0.000836	0
60	7000	10	8	81	1	3.000000	0.000319	0.000204	0
60	7000	11	13	266	0	5.000000	0.001567	0.000466	0
60	7000	12	10	347	1	3.000000	0.000880	0.000630	0
60	7000	13	14	1344	0	4.000000	0.005900	0.002061	0
60	7000	14	13	671	1	3.000000	0.002349	0.001417	0
60	7000	15	9	251	0	2.000000	0.000948	0.000339	0
60	7000	16	7	59	0	2.000000	0.000222	0.000128	0
60	7000	17	19	1122	1	6.000000	0.006089	0.003395	0
60	7000	18	14	629	0	5.000000	0.003110	0.001094	0
60	7000	19	12	679	0	4.000000	0.001905	0.001041	0
60	7000	20	10	131	0	4.000000	0.000499	0.000217	0
60	7000	21	13	527	1	5.000000	0.002277	0.001079	0
60	7000	22	11	294	0	4.000000	0.000817	0.000533	0
60	7000	23	17	2700	1	4.000000	0.009529	0.006701	0
60	7000	24	11	555	0	3.000000	0.001636	0.000764	0
60	7000	25	13	671	1	3.000000	0.001970	0.001496	0
60	7000	26	9	143	0	3.000000	0.000569	0.000257	0
60	7000	27	12	169	0	6.000000	0.000850	0.000352	0
60	7000	28	13	1535	0	4.000000	0.006595	0.002106	0
60	7000	29	11	364	0	3.000000	0.001374	0.000589	0
60	7000	30	15	1167	1	4.500000	0.002886	0.002651	0
60	7000	31	8	78	1	2.500000	0.000313	0.000173	0
60	7000	32	13	123	0	6.000000	0.000523	0.000293	0
60	7000	33	9	99	0	4.000000	0.000411	0.000222	0
60	7000	34	14	800	1	5.000000	0.003188	0.001525	0
60	7000	35	16	428	0	8.000000	0.002224	0.000882	0
60	7000	36	12	308	0	4.000000	0.001064	0.000474	0
60	7000	37	14	462	1	4.000000	0.001383	0.000936	0
60	7000	38	12	197	0	4.000000	0.000947	0.000377	0
60	7000	39	11	1094	0	2.000000	0.002403	0.001434	0
60	7000	40	9	167	0	3.000000	0.000513	0.000317	0
60	7000	41	7	52	0	2.000000	0.000255	0.000129	0
60	7000	42	12	295	1	4.000000	0.000777	0.000631	0
60	7000	43	14	684	1	4.000000	0.002512	0.001583	0
60	7000	44	20	14877	1	3.000000	0.073964	0.051728	0
60	7000	45	14	1659	1	3.000000	0.004742	0.004029	0
60	7000	46	6	47	0	2.000000	0.000235	0.000114	0
60	7000	47	11	831	0	2.000000	0.001879	0.001228	0
60	7000	48	8	132	0	2.000000	0.000381	0.000223	0
60	7000	49	9	264	0	2.000000	0.000635	0.000409	0
60	7000	50	20	3153	1	6.000000	0.014784	0.009027	0
60	7000	51	10	575	0	2.000000	0.001868	0.000667	0
60	7000	52	6	17	0	4.000000	0.000148	0.000085	0
60	7000	53	11	115	0	7.000000	0.000315	0.000258	0
60	7000	54	11	305	1	3.000000	0.000989	0.000558	0
60	7000	55	22	12527	1	4.000000	0.087738	0.041152	0
60	7000	56	12	339	1	4.000000	0.000877	0.000652	0
60	7000	57	8	143	0	2.000000	0.000470	0.000193	0
60	7000	58	8	127	0	3.000000	0.000452	0.000222	0
60	7000	59	10	272	0	3.000000	0.000722	0.000479	0
60	7000	60	17	2399	1	5.000000	0.006907	0.005909	0
60	7000	61	16	2127	0	4.000000	0.009380	0.004318	0
60	7000	62	10	191	0	3.000000	0.000658	0.000313	0
60	7000	63	7	127	0	1.000000	0.000322	0.000182	0
60	7000	64	17	1111	1	6.000000	0.006733	0.002427	0
60	7000	65	7	71	0	2.000000	0.000297	0.000136	0
60	7000	66	11	767	0	3.000000	0.002351	0.001007	0
60	7000	67	12	747	0	3.000000	0.002725	0.001024	0
60	7000	68	9	193	0	3.000000	0.000525	0.000324	0
60	7000	69	13	895	1	4.000000	0.002575	0.001637	0
60	7000	70	10	130	0	4.000000	0.000530	0.000270	0
60	7000	71	12	314	0	4.000000	0.000991	0.000567	0
60	7000	72	7	39	0	4.000000	0.000188	0.000110	0
60	7000	73	9	104	0	3.000000	0.000437	0.000224	0
60	7000	74	7	20	0	4.000000	0.000209	0.000094	0
60	7000	75	11	363	0	3.000000	0.001360	0.000577	0
60	7000	76	9	109	0	4.000000	0.000361	0.000230	0
60	7000	77	11	703	0	3.000000	0.002863	0.000906	0
60	7000	78	13	815	0	4.000000	0.003711	0.001210	0
60	7000	79	12	370	0	4.000000	0.001334	0.000626	0
60	7000	80	14	744	1	3.500000	0.002968	0.001571	0
60	7000	81	17	2697	1	3.500000	0.007520	0.006841	0
60	7000	82	12	498	1	3.000000	0.001683	0.001087	0
60	7000	83	15	1276	1	4.000000	0.004280	0.002947	0
60	7000	84	13	588	1	4.000000	0.001681	0.001077	0
60	7000	85	14	915	1	3.000000	0.003006	0.001871	0
60	7000	86	8	95	0	3.000000	0.000404	0.000184	0
60	7000	87	11	1151	0	2.000000	0.002973	0.001598	0
60	7000	88	20	1404	1	5.000000	0.008686	0.004218	0
60	7000	89	9	335	0	2.000000	0.000793	0.000448	0
60	7000	90	12	233	1	5.000000	0.000617	0.000552	0
60	7000	91	13	1259	1	3.000000	0.003106	0.002848	0
60	7000	92	10	289	0	3.000000	0.000756	0.000465	0
60	7000	93	9	167	0	3.000000	0.000560	0.000350	0
60	7000	94	11	383	0	3.000000	0.001465	0.000539	0
60	7000	95	15	455	0	7.000000	0.001200	0.001047	0
60	7000	96	15	895	1	7.000000	0.004859	0.002085	0
60	7000	97	8	117	0	2.000000	0.000354	0.000212	0
60	7000	98	13	996	1	3.000000	0.002257	0.001810	0
60	7000	99	13	299	0	5.000000	0.001139	0.000564	0
60	7000	100	10	582	1	2.000000	0.001492	0.000967	0
60	6000	1	17	512	0	9.000000	0.002940	0.001085	0
60	6000	2	16	869	1	5.000000	0.005007	0.002040	0
60	6000	3	17	1278	1	5.000000	0.006052	0.003190	0
60	6000	4	15	417	1	5.000000	0.002406	0.000789	0
60	6000	5	19	1141	0	10.000000	0.006098	0.002491	0
60	6000	6	13	1319	0	4.000000	0.005769	0.001882	0
60	6000	7	14	416	1	5.000000	0.001266	0.000958	0
60	6000	8	28	11132	1	11.000000	0.092843	0.041653	0
60	6000	9	16	977	1	6.000000	0.006640	0.002014	0
60	6000	10	10	196	1	2.333333	0.000642	0.000399	0
60	6000	11	15	1346	0	5.000000	0.007353	0.002436	0
60	6000	12	16	939	1	5.000000	0.004603	0.001876	0
60	6000	13	16	1780	1	4.000000	0.009565	0.003701	0
60	6000	14	16	1783	1	4.000000	0.006907	0.003597	0
60	6000	15	14	539	1	4.666667	0.003505	0.001049	0
60	6000	16	14	490	1	5.000000	0.002289	0.000976	0
60	6000	17	23	3928	1	6.000000	0.020138	0.013350	0
60	6000	18	19	3035	1	5.000000	0.019558	0.007838	0
60	6000	19	13	1272	0	3.000000	0.004261	0.002009	0
60	6000	20	15	407	1	5.000000	0.001852	0.000868	0
60	6000	21	16	979	1	7.000000	0.004296	0.002460	0
60	6000	22	12	503	0	4.000000	0.001263	0.000808	0
60	6000	23	25	6970	1	7.000000	0.029925	0.026927	0
60	6000	24	14	1339	1	4.000000	0.003938	0.002701	0
60	6000	25	19	2944	1	5.000000	0.013199	0.007080	0
60	6000	26	13	379	1	5.000000	0.002192	0.000703	0
60	6000	27	17	266	0	11.000000	0.001734	0.000594	0
60	6000	28	18	6359	1	4.000000	0.031135	0.017672	0
60	6000	29	17	851	0	6.000000	0.005292	0.001808	0
60	6000	30	22	3224	1	7.000000	0.015049	0.009180	0
60	6000	31	12	479	0	4.000000	0.001873	0.000750	0
60	6000	32	16	833	1	5.000000	0.002624	0.002107	0
60	6000	33	15	1092	1	5.000000	0.004895	0.001987	0
60	6000	34	18	2024	1	5.000000	0.010607	0.004853	0
60	6000	35	20	3021	1	7.000000	0.016666	0.009325	0
60	6000	36	16	651	0	7.000000	0.003223	0.001383	0
60	6000	37	18	2207	1	5.000000	0.011277	0.004769	0
60	6000	38	16	792	1	4.000000	0.003351	0.001872	0
60	6000	39	16	1882	1	4.000000	0.005537	0.005190	0
60	6000	40	13	526	0	4.000000	0.002713	0.001002	0
60	6000	41	12	319	1	4.000000	0.001352	0.000605	0
60	6000	42	17	1804	1	5.000000	0.008366	0.004563	0
60	6000	43	17	1475	1	6.000000	0.004718	0.003588	0
60	6000	44	25	26886	1	6.000000	0.176758	0.116991	0
60	6000	45	17	3162	1	4.000000	0.014113	0.007841	0
60	6000	46	10	244	0	3.000000	0.000858	0.000354	0
60	6000	47	13	1385	0	2.000000	0.003761	0.002123	0
60	6000	48	10	277	0	3.000000	0.000868	0.000423	0
60	6000	49	14	748	0	5.000000	0.003105	0.001317	0
60	6000	50	25	14112	1	8.000000	0.075371	0.057075	0
60	6000	51	17	2156	1	4.000000	0.014284	0.005401	0
60	6000	52	11	143	1	4.000000	0.000475	0.000315	0
60	6000	53	17	472	0	9.000000	0.001562	0.001217	0
60	6000	54	15	1473	1	4.000000	0.004525	0.003443	0
60	6000	55	25	25343	1	6.000000	0.190053	0.093931	0
60	6000	56	16	863	1	6.000000	0.003901	0.001817	0
60	6000	57	10	399	1	2.500000	0.001301	0.000599	0
60	6000	58	10	323	0	2.000000	0.001094	0.000479	0
60	6000	59	11	575	0	3.000000	0.001341	0.000841	0
60	6000	60	19	7549	1	6.000000	0.022556	0.025733	0
60	6000	61	18	6144	1	4.000000	0.029387	0.013448	0
60	6000	62	14	392	1	4.000000	0.001383	0.001225	0
60	6000	63	15	297	0	7.000000	0.002158	0.000564	0
60	6000	64	26	13447	1	8.000000	0.106066	0.057198	0
60	6000	65	13	322	1	4.000000	0.001326	0.000632	0
60	6000	66	16	2434	1	4.000000	0.014914	0.005755	0
60	6000	67	15	1331	1	5.000000	0.006675	0.002595	0
60	6000	68	12	295	0	4.000000	0.000975	0.000594	0
60	6000	69	18	2431	1	5.000000	0.012817	0.006336	0
60	6000	70	13	366	1	4.500000	0.001339	0.000691	0
60	6000	71	15	473	1	5.000000	0.002057	0.001010	0
60	6000	72	14	449	0	6.000000	0.001236	0.000809	0
60	6000	73	12	689	0	2.000000	0.002604	0.001003	0
60	6000	74	10	173	1	3.000000	0.000575	0.000345	0
60	6000	75	16	745	1	5.000000	0.004940	0.001547	0
60	6000	76	19	2315	1	4.000000	0.014934	0.008001	0
60	6000	77	14	1206	0	4.000000	0.005089	0.002033	0
60	6000	78	13	839	0	4.000000	0.003873	0.001230	0
60	6000	79	18	2232	1	5.000000	0.010871	0.004777	0
60	6000	80	18	1164	1	6.500000	0.006547	0.002903	0
60	6000	81	19	4699	1	4.000000	0.015286	0.011274	0
60	6000	82	15	1262	1	4.000000	0.005052	0.002548	0
60	6000	83	19	3458	1	5.000000	0.015145	0.009540	0
60	6000	84	17	834	0	7.000000	0.004099	0.001688	0
60	6000	85	18	4579	1	5.000000	0.021394	0.011347	0
60	6000	86	13	400	0	5.000000	0.001881	0.000695	0
60	6000	87	12	1375	1	3.000000	0.003827	0.001968	0
60	6000	88	26	7601	1	7.000000	0.057734	0.028328	0
60	6000	89	10	369	1	2.500000	0.000925	0.000762	0
60	6000	90	19	1918	1	7.000000	0.008433	0.005035	0
60	6000	91	18	2542	1	5.000000	0.007508	0.006621	0
60	6000	92	12	703	0	4.000000	0.001696	0.000960	0
60	6000	93	12	261	1	3.000000	0.001439	0.000558	0
60	6000	94	14	712	0	4.000000	0.003940	0.001226	0
60	6000	95	21	1157	1	9.000000	0.006376	0.003331	0
60	6000	96	17	1362	1	7.000000	0.006780	0.003299	0
60	6000	97	12	533	0	4.000000	0.001974	0.000871	0
60	6000	98	20	3210	1	6.000000	0.023463	0.011393	0
60	6000	99	17	668	1	5.000000	0.003027	0.001615	0
60	6000	100	12	932	0	3.000000	0.005431	0.001279	0
60	5000	1	24	1132	1	10.000000	0.009956	0.004137	0
60	5000	2	22	1881	1	8.000000	0.013387	0.005745	0
60	5000	3	22	3058	1	6.000000	0.018326	0.010341	0
60	5000	4	19	1424	1	4.333333	0.008224	0.005071	0
60	5000	5	25	3214	1	13.000000	0.034126	0.009716	0
60	5000	6	19	2011	1	6.000000	0.009751	0.005282	0
60	5000	7	20	3240	1	7.000000	0.013265	0.009319	0
60	5000	8	32	39295	1	11.000000	0.228595	0.182096	0
60	5000	9	22	3115	1	7.000000	0.022508	0.009729	0
60	5000	10	21	1162	1	10.000000	0.007076	0.003357	0
60	5000	11	16	1507	1	5.000000	0.010267	0.002729	0
60	5000	12	20	3927	1	6.000000	0.020130	0.010297	0
60	5000	13	28	8208	1	12.000000	0.055345	0.038716	0
60	5000	14	22	6187	1	5.000000	0.070558	0.019870	0
60	5000	15	17	1584	1	6.000000	0.008634	0.003504	0
60	5000	16	20	1444	1	7.000000	0.008781	0.003945	0
60	5000	17	31	8013	1	7.333333	0.061664	0.047416	0
60	5000	18	33	32303	1	9.000000	0.304451	0.177806	0
60	5000	19	18	2496	1	6.000000	0.010868	0.005413	0
60	5000	20	18	773	1	5.000000	0.004307	0.002168	0
60	5000	21	18	1460	1	8.000000	0.007546	0.003959	0
60	5000	22	15	695	1	5.000000	0.002210	0.001491	0
60	5000	23	28	23372	1	8.000000	0.111185	0.121464	0
60	5000	24	18	4484	1	5.000000	0.015410	0.013199	0
60	5000	25	27	11100	1	9.000000	0.085939	0.042949	0
60	5000	26	15	598	0	7.000000	0.002514	0.001189	0
60	5000	27	29	1880	1	17.000000	0.020858	0.006473	0
60	5000	28	21	11090	1	5.000000	0.072085	0.039517	0
60	5000	29	26	5379	1	7.000000	0.041599	0.026633	0
60	5000	30	30	17451	1	9.000000	0.113075	0.078135	0
60	5000	31	20	1921	1	8.000000	0.009260	0.005237	0
60	5000	32	21	1934	1	6.000000	0.009807	0.005154	0
60	5000	33	23	2442	1	6.250000	0.016845	0.009016	0
60	5000	34	22	4356	1	7.000000	0.027026	0.014767	0
60	5000	35	24	5805	1	11.000000	0.027722	0.022382	0
60	5000	36	22	1981	1	10.000000	0.014647	0.005171	0
60	5000	37	27	9875	1	7.000000	0.079214	0.043482	0
60	5000	38	27	2360	1	10.000000	0.018409	0.009126	0
60	5000	39	28	7681	1	7.500000	0.037200	0.036422	0
60	5000	40	20	2308	1	6.000000	0.020829	0.005461	0
60	5000	41	19	1868	1	6.000000	0.017314	0.004534	0
60	5000	42	22	4293	1	7.000000	0.017338	0.014130	0
60	5000	43	23	3173	1	8.000000	0.022425	0.010398	0
60	5000	44	29	88718	1	6.000000	0.696798	0.541429	0
60	5000	45	25	14087	1	5.000000	0.077896	0.058107	0
60	5000	46	15	924	0	5.000000	0.004275	0.001693	0
60	5000	47	21	4450	1	6.000000	0.018898	0.014211	0
60	5000	48	18	712	1	7.000000	0.002664	0.001708	0
60	5000	49	21	6201	1	5.000000	0.045774	0.021050	0
60	5000	50	32	47118	1	8.000000	0.314604	0.236470	0
60	5000	51	24	8808	1	8.000000	0.080111	0.033055	0
60	5000	52	18	405	1	8.000000	0.001904	0.001248	0
60	5000	53	22	2215	1	11.000000	0.006835	0.006259	0
60	5000	54	23	4347	1	6.000000	0.024373	0.016738	0
60	5000	55	30	45512	1	8.000000	0.392461	0.215173	0
60	5000	56	22	2068	1	6.000000	0.012652	0.008156	0
60	5000	57	12	912	0	3.000000	0.003100	0.001372	0
60	5000	58	19	1493	1	6.000000	0.009665	0.004225	0
60	5000	59	20	1819	1	9.000000	0.012942	0.004183	0
60	5000	60	24	16061	1	7.000000	0.049824	0.064034	0
60	5000	61	28	27329	1	10.000000	0.334266	0.110209	0
60	5000	62	21	2179	1	6.000000	0.013954	0.006444	0
60	5000	63	23	1425	1	10.000000	0.013385	0.004056	0
60	5000	64	38	47233	1	13.000000	0.702570	0.287363	0
60	5000	65	17	812	1	6.000000	0.003928	0.001867	0
60	5000	66	25	13826	1	7.000000	0.121559	0.048711	0
60	5000	67	23	2669	1	9.000000	0.018460	0.006848	0
60	5000	68	19	1031	1	7.000000	0.004101	0.002958	0
60	5000	69	22	9848	1	5.000000	0.063110	0.036627	0
60	5000	70	17	846	1	6.000000	0.004724	0.002092	0
60	5000	71	20	1380	1	7.000000	0.007495	0.003492	0
60	5000	72	21	1703	1	8.000000	0.011546	0.004740	0
60	5000	73	17	2502	1	3.333333	0.012400	0.007287	0
60	5000	74	19	909	1	7.000000	0.005257	0.002108	0
60	5000	75	20	4917	1	5.000000	0.019920	0.014687	0
60	5000	76	25	9979	1	6.000000	0.065399	0.038492	0
60	5000	77	22	5161	1	5.000000	0.034322	0.021553	0
60	5000	78	20	1981	1	6.000000	0.010304	0.005841	0
60	5000	79	22	6258	1	6.000000	0.038058	0.018395	0
60	5000	80	25	3881	1	7.000000	0.033385	0.012732	0
60	5000	81	26	13072	1	6.000000	0.060290	0.065425	0
60	5000	82	19	2617	1	7.000000	0.021527	0.006623	0
60	5000	83	26	11302	1	9.000000	0.072726	0.044832	0
60	5000	84	28	2712	1	14.000000	0.024791	0.009992	0
60	5000	85	21	10019	1	4.500000	0.048951	0.036797	0
60	5000	86	16	1164	1	5.000000	0.003895	0.002704	0
60	5000	87	15	2071	1	3.000000	0.007554	0.004895	0
60	5000	88	36	34393	1	9.000000	0.352563	0.192748	0
60	5000	89	15	571	1	5.500000	0.002306	0.001329	0
60	5000	90	26	7010	1	9.000000	0.039168	0.028678	0
60	5000	91	26	6995	1	10.000000	0.053453	0.027112	0
60	5000	92	18	1219	1	9.000000	0.005617	0.002996	0
60	5000	93	15	560	0	5.000000	0.002958	0.001210	0
60	5000	94	18	1627	0	5.000000	0.010429	0.003497	0
60	5000	95	28	3808	1	13.000000	0.032708	0.014707	0
60	5000	96	28	4701	1	12.000000	0.038961	0.016867	0
60	5000	97	17	1474	1	5.000000	0.007070	0.003354	0
60	5000	98	26	14065	1	8.000000	0.090891	0.056839	0
60	5000	99	28	5461	1	10.000000	0.042797	0.022966	0
60	5000	100	20	1802	1	8.000000	0.014768	0.004532	0
60	4000	1	41	4372	1	21.000000	0.044521	0.023258	0
60	4000	2	40	8347	1	13.000000	0.091205	0.054292	0
60	4000	3	35	10726	1	11.000000	0.124426	0.060075	0
60	4000	4	38	8869	1	11.000000	0.107266	0.047725	0
60	4000	5	44	14454	1	23.000000	0.241609	0.099606	0
60	4000	6	42	11746	1	16.000000	0.130869	0.070827	0
60	4000	7	37	11286	1	16.000000	0.085573	0.059725	0
60	4000	8	49	96715	1	17.000000	0.816927	0.856309	0
60	4000	9	29	13306	1	9.000000	0.155175	0.057253	0
60	4000	10	28	2741	1	14.000000	0.016571	0.010229	0
60	4000	11	25	3035	1	10.000000	0.039962	0.009941	0
60	4000	12	39	13319	1	16.000000	0.140244	0.075416	0
60	4000	13	43	27661	1	14.000000	0.381816	0.186124	0
60	4000	14	34	15380	1	10.000000	0.119032	0.078896	0
60	4000	15	28	4820	1	8.400000	0.033135	0.022484	0
60	4000	16	33	6371	1	11.000000	0.081808	0.027966	0
60	4000	17	42	18160	1	14.000000	0.230895	0.146263	0
60	4000	18	40	119663	1	11.000000	1.447552	0.772648	0
60	4000	19	28	5459	1	9.500000	0.043342	0.023651	0
60	4000	20	30	1428	1	13.000000	0.013067	0.005489	0
60	4000	21	34	6884	1	15.000000	0.090858	0.033464	0
60	4000	22	29	4568	1	9.500000	0.027041	0.023752	0
60	4000	23	40	54053	1	12.000000	0.539190	0.351874	0
60	4000	24	35	11030	1	13.000000	0.129115	0.060762	0
60	4000	25	45	26335	1	14.000000	0.378653	0.184726	0
60	4000	26	28	4023	1	8.000000	0.039819	0.016229	0
60	4000	27	50	6541	1	32.000000	0.117234	0.038134	0
60	4000	28	32	29882	1	10.000000	0.238010	0.187724	0
60	4000	29	34	18087	1	9.142857	0.145102	0.124766	0
60	4000	30	46	46298	1	12.500000	0.521771	0.391953	0
60	4000	31	34	11412	1	16.000000	0.080606	0.057740	0
60	4000	32	30	7607	1	9.000000	0.043368	0.033172	0
60	4000	33	34	6985	1	10.291667	0.067384	0.047662	0
60	4000	34	32	10179	1	12.000000	0.075842	0.050325	0
60	4000	35	35	10275	1	18.000000	0.074842	0.061727	0
60	4000	36	36	8914	1	15.000000	0.094974	0.045424	0
60	4000	37	34	25817	1	10.000000	0.234107	0.137431	0
60	4000	38	40	7503	1	16.000000	0.103432	0.057445	0
60	4000	39	39	22835	1	11.666667	0.145232	0.166838	0
60	4000	40	31	6747	1	10.000000	0.071758	0.028280	0
60	4000	41	25	3593	1	8.000000	0.048278	0.011937	0
60	4000	42	33	12997	1	10.000000	0.107084	0.063665	0
60	4000	43	38	9220	1	15.000000	0.137571	0.052956	0
60	4000	44	40	201999	1	11.000000	1.986418	1.561060	0
60	4000	45	36	32291	1	11.000000	0.254598	0.188268	0
60	4000	46	23	3610	1	7.000000	0.029895	0.011650	0
60	4000	47	31	18109	1	7.500000	0.120782	0.101107	0
60	4000	48	30	4153	1	10.000000	0.031802	0.015627	0
60	4000	49	30	18714	1	9.000000	0.242414	0.082344	0
60	4000	50	43	104879	1	10.666667	0.835306	1.002374	0
60	4000	51	31	21058	1	11.000000	0.275928	0.094075	0
60	4000	52	29	955	1	12.000000	0.007439	0.003454	0
60	4000	53	30	4204	1	15.000000	0.022767	0.017754	0
60	4000	54	36	12605	1	15.000000	0.126332	0.068404	0
60	4000	55	47	74080	1	16.000000	1.170583	0.570056	0
60	4000	56	41	9115	1	16.000000	0.084379	0.059130	0
60	4000	57	24	3529	1	6.500000	0.028992	0.012547	0
60	4000	58	35	7245	1	11.500000	0.077829	0.042383	0
60	4000	59	37	9384	1	14.000000	0.091645	0.047161	0
60	4000	60	39	47893	1	12.000000	0.354117	0.315333	0
60	4000	61	40	68865	1	14.000000	0.941438	0.437495	0
60	4000	62	31	6028	1	9.000000	0.060871	0.027729	0
60	4000	63	38	2550	1	20.000000	0.034878	0.011653	0
60	4000	64	47	139845	1	17.000000	2.357046	1.140735	0
60	4000	65	35	3825	1	15.000000	0.041144	0.016544	0
60	4000	66	37	33896	1	12.000000	0.476688	0.189213	0
60	4000	67	31	5742	1	10.000000	0.044339	0.028739	0
60	4000	68	34	5508	1	13.000000	0.037667	0.026003	0
60	4000	69	33	25246	1	8.000000	0.294035	0.115619	0
60	4000	70	28	1863	1	12.000000	0.015564	0.005865	0
60	4000	71	30	5614	1	12.000000	0.051278	0.021614	0
60	4000	72	38	9325	1	12.000000	0.152599	0.057870	0
60	4000	73	26	7245	1	8.000000	0.070601	0.030866	0
60	4000	74	33	2774	1	13.000000	0.032925	0.011201	0
60	4000	75	30	14083	1	8.000000	0.116480	0.075612	0
60	4000	76	36	28077	1	11.000000	0.234615	0.184628	0
60	4000	77	39	25894	1	13.000000	0.344824	0.153788	0
60	4000	78	33	11057	1	9.000000	0.096464	0.071320	0
60	4000	79	30	10755	1	11.000000	0.096833	0.046602	0
60	4000	80	38	20779	1	13.000000	0.259904	0.151597	0
60	4000	81	38	47894	1	14.000000	0.348359	0.299129	0
60	4000	82	32	8923	1	10.000000	0.115977	0.038912	0
60	4000	83	35	21013	1	14.000000	0.217099	0.115306	0
60	4000	84	50	13381	1	22.000000	0.225544	0.098398	0
60	4000	85	30	27266	1	9.000000	0.347489	0.123447	0
60	4000	86	23	2449	1	9.000000	0.015273	0.007648	0
60	4000	87	23	5316	1	6.000000	0.027826	0.019876	0
60	4000	88	50	120968	1	15.000000	2.134416	1.159480	0
60	4000	89	23	1749	1	8.250000	0.009756	0.005653	0
60	4000	90	32	17805	1	14.000000	0.121317	0.100213	0
60	4000	91	34	29599	1	9.000000	0.322939	0.169046	0
60	4000	92	28	3771	1	10.000000	0.025291	0.017513	0
60	4000	93	26	2211	1	9.000000	0.015938	0.007191	0
60	4000	94	31	3265	1	13.000000	0.038260	0.012206	0
60	4000	95	41	8068	1	21.000000	0.101853	0.053474	0
60	4000	96	40	20854	1	12.000000	0.259713	0.128293	0
60	4000	97	25	3396	1	9.000000	0.020714	0.013891	0
60	4000	98	34	32182	1	10.000000	0.359141	0.165458	0
60	4000	99	45	13309	1	16.000000	0.182854	0.115521	0
60	4000	100	27	4173	1	9.000000	0.050467	0.016231	0
60	3000	1	61	13983	1	32.000000	0.232732	0.122097	0
60	3000	2	66	27959	1	22.666667	0.480650	0.245346	0
60	3000	3	54	33614	1	19.000000	0.507859	0.269513	0
60	3000	4	63	23320	1	24.000000	0.478823	0.343816	0
60	3000	5	61	34251	1	31.000000	0.812297	0.279958	0
60	3000	6	66	38266	1	26.000000	0.727581	0.313035	0
60	3000	7	61	39024	1	26.000000	0.563570	0.388884	0
60	3000	8	66	245505	1	16.000000	2.486867	2.317404	0
60	3000	9	57	30935	1	24.000000	0.713220	0.241310	0
60	3000	10	50	8174	1	25.000000	0.137575	0.050178	0
60	3000	11	53	8004	1	24.000000	0.142782	0.059649	0
60	3000	12	68	38765	1	28.000000	0.749474	0.374673	0
60	3000	13	67	125316	1	26.000000	2.334599	1.040699	0
60	3000	14	60	36464	1	24.000000	0.637850	0.349803	0
60	3000	15	54	11115	1	22.600000	0.161516	0.110015	0
60	3000	16	57	28374	1	20.000000	0.665670	0.284712	0
60	3000	17	73	32078	1	28.000000	0.649794	0.257887	0
60	3000	18	67	207261	1	19.000000	3.347624	1.960915	0
60	3000	19	57	20403	1	22.000000	0.369634	0.165780	0
60	3000	20	55	2968	1	25.000000	0.049525	0.021355	0
60	3000	21	55	17374	1	22.000000	0.308509	0.124020	0
60	3000	22	50	19382	1	16.000000	0.315005	0.176577	0
60	3000	23	64	114868	1	22.000000	2.386340	1.343106	0
60	3000	24	62	34621	1	25.000000	0.638409	0.419312	0
60	3000	25	66	75781	1	19.000000	1.519548	0.587140	0
60	3000	26	50	26469	1	17.000000	0.551470	0.190593	0
60	3000	27	79	17234	0	45.000000	0.567029	0.125307	0
60	3000	28	56	74136	1	20.000000	0.973201	0.960838	0
60	3000	29	52	42534	1	15.000000	0.568063	0.555728	0
60	3000	30	68	101154	1	18.000000	2.025166	1.270814	0
60	3000	31	63	25484	1	31.000000	0.458930	0.241259	0
60	3000	32	67	15478	1	25.000000	0.223446	0.146160	0
60	3000	33	51	18633	1	19.000000	0.265069	0.136680	0
60	3000	34	60	28851	1	26.000000	0.418218	0.307633	0
60	3000	35	63	20173	1	34.000000	0.224487	0.194215	0
60	3000	36	57	16892	1	27.000000	0.333591	0.119268	0
60	3000	37	61	56070	1	21.000000	1.285775	0.508427	0
60	3000	38	75	19344	1	24.000000	0.574655	0.185726	0
60	3000	39	62	47106	1	26.000000	0.531101	0.589851	0
60	3000	40	48	16307	1	16.000000	0.274094	0.109034	0
60	3000	41	49	7497	1	18.000000	0.144039	0.064296	0
60	3000	42	65	47902	1	22.000000	0.996419	0.368193	0
60	3000	43	63	23078	1	24.000000	0.493547	0.207605	0
60	3000	44	63	307049	1	21.000000	6.262010	4.532258	0
60	3000	45	67	70143	1	19.300000	1.022387	0.852621	0
60	3000	46	53	13909	1	22.000000	0.227852	0.108947	0
60	3000	47	51	40723	1	19.000000	0.583954	0.306575	0
60	3000	48	56	18243	1	24.000000	0.295488	0.136346	0
60	3000	49	50	32729	1	18.666667	0.768846	0.293716	0
60	3000	50	68	175366	1	21.000000	3.855916	1.757626	0
60	3000	51	57	54531	1	23.000000	0.769329	0.446002	0
60	3000	52	58	6873	1	24.000000	0.109778	0.071835	0
60	3000	53	52	15083	1	25.000000	0.259717	0.124537	0
60	3000	54	61	36742	1	25.000000	0.779578	0.345264	0
60	3000	55	75	200770	1	26.000000	4.925243	1.681638	0
60	3000	56	68	20943	1	24.500000	0.463378	0.181927	0
60	3000	57	49	14700	1	19.000000	0.216740	0.109320	0
60	3000	58	63	31395	1	25.000000	0.550085	0.361860	0
60	3000	59	62	29614	1	28.000000	0.555022	0.232515	0
60	3000	60	69	121620	1	21.000000	2.482027	1.108212	0
60	3000	61	61	118450	1	22.000000	2.692197	1.197275	0
60	3000	62	64	21661	1	24.000000	0.472484	0.230268	0
60	3000	63	68	6296	1	38.000000	0.148939	0.045981	0
60	3000	64	74	285760	1	25.000000	6.724936	2.412652	0
60	3000	65	56	12156	1	23.000000	0.280339	0.084180	0
60	3000	66	58	94064	1	19.000000	2.202730	1.093302	0
60	3000	67	69	10691	1	32.000000	0.287592	0.073547	0
60	3000	68	55	18761	1	21.000000	0.227885	0.154368	0
60	3000	69	52	53540	1	16.500000	0.711607	0.557314	0
60	3000	70	52	5473	1	21.500000	0.069005	0.038794	0
60	3000	71	59	22337	1	24.000000	0.509203	0.198176	0
60	3000	72	69	42666	1	24.000000	0.926864	0.439786	0
60	3000	73	51	13940	1	19.000000	0.258836	0.106558	0
60	3000	74	62	9965	1	24.000000	0.185227	0.090349	0
60	3000	75	55	30775	1	21.000000	0.393227	0.271703	0
60	3000	76	64	86508	1	25.000000	2.117034	1.184526	0
60	3000	77	60	70904	1	18.000000	1.545655	0.744404	0
60	3000	78	56	40458	1	19.357143	0.834513	0.445175	0
60	3000	79	59	24271	1	26.000000	0.386286	0.223175	0
60	3000	80	66	50401	1	29.000000	1.088946	0.455319	0
60	3000	81	55	70724	1	23.000000	0.855946	0.739344	0
60	3000	82	54	26642	1	18.000000	0.382646	0.344882	0
60	3000	83	55	35026	1	24.000000	0.608749	0.316448	0
60	3000	84	83	36109	1	24.909091	0.965183	0.365084	0
60	3000	85	59	39768	1	33.000000	0.999273	0.361707	0
60	3000	86	56	10097	1	21.000000	0.148195	0.090983	0
60	3000	87	44	12979	1	19.000000	0.155943	0.085895	0
60	3000	88	72	246783	1	23.000000	6.844661	2.102625	0
60	3000	89	49	9959	1	18.000000	0.139751	0.081661	0
60	3000	90	60	31948	1	30.000000	0.555418	0.259719	0
60	3000	91	68	57120	1	23.000000	1.184287	0.460603	0
60	3000	92	60	15278	1	26.333333	0.215009	0.171303	0
60	3000	93	62	8714	1	29.000000	0.158188	0.070487	0
60	3000	94	55	12520	1	26.000000	0.241811	0.093301	0
60	3000	95	77	16998	1	34.000000	0.470746	0.138246	0
60	3000	96	58	70578	1	21.000000	1.317043	0.720439	0
60	3000	97	45	12126	1	19.000000	0.142203	0.078573	0
60	3000	98	65	56745	1	26.666667	1.812075	0.606890	0
60	3000	99	77	34380	1	26.000000	0.800551	0.306144	0
60	3000	100	56	9541	0	26.000000	0.187938	0.079069	0
60	2000	1	139	0	0	0	0	0	2
60	2000	2	140	0	0	0	0	0	2
60	2000	3	113	61779	1	32.666667	2.421526	0.613932	0
60	2000	4	142	0	0	0	0	0	2
60	2000	5	125	69154	0	43.000000	4.655846	0.637929	0
60	2000	6	139	0	0	0	0	0	2
60	2000	7	139	0	0	0	0	0	2
60	2000	8	126	381557	1	24.000000	9.734261	4.375441	0
60	2000	9	113	69062	1	29.000000	3.265418	0.690937	0
60	2000	10	121	24069	1	36.000000	1.186394	0.218848	0
60	2000	11	127	20581	1	32.000000	0.777571	0.207259	0
60	2000	12	134	0	0	0	0	0	2
60	2000	13	127	261113	1	27.000000	9.643002	3.488875	0
60	2000	14	131	0	0	0	0	0	2
60	2000	15	129	0	0	0	0	0	2
60	2000	16	116	61072	0	27.000000	2.331081	0.699678	0
60	2000	17	172	0	0	0	0	0	2
60	2000	18	140	0	0	0	0	0	2
60	2000	19	132	0	0	0	0	0	2
60	2000	20	137	0	0	0	0	0	2
60	2000	21	115	32926	1	34.000000	1.171655	0.305921	0
60	2000	22	114	43455	0	37.000000	1.574761	0.389925	0
60	2000	23	129	0	0	0	0	0	2
60	2000	24	119	66277	1	34.000000	2.480412	0.644232	0
60	2000	25	124	122883	1	31.000000	3.687671	1.292060	0
60	2000	26	134	0	0	0	0	0	2
60	2000	27	165	0	0	0	0	0	2
60	2000	28	117	131776	1	35.000000	4.267481	1.515003	0
60	2000	29	119	86940	1	36.500000	2.628490	0.881063	0
60	2000	30	140	0	0	0	0	0	2
60	2000	31	137	0	0	0	0	0	2
60	2000	32	145	0	0	0	0	0	2
60	2000	33	132	0	0	0	0	0	2
60	2000	34	140	0	0	0	0	0	2
60	2000	35	141	0	0	0	0	0	2
60	2000	36	118	24400	0	41.000000	1.059274	0.218039	0
60	2000	37	120	97354	1	36.000000	4.668862	0.963877	0
60	2000	38	148	0	0	0	0	0	2
60	2000	39	119	77636	1	35.000000	1.703707	0.797613	0
60	2000	40	122	33592	1	31.000000	1.674681	0.337811	0
60	2000	41	121	15981	1	31.000000	0.676966	0.162158	0
60	2000	42	136	0	0	0	0	0	2
60	2000	43	121	48193	1	30.000000	1.956768	0.502264	0
60	2000	44	140	0	0	0	0	0	2
60	2000	45	129	0	0	0	0	0	2
60	2000	46	129	0	0	0	0	0	2
60	2000	47	127	72993	1	38.000000	2.405409	0.737174	0
60	2000	48	118	42504	1	34.000000	1.822807	0.419447	0
60	2000	49	116	54559	1	36.000000	3.394099	0.533473	0
60	2000	50	140	0	0	0	0	0	2
60	2000	51	120	117370	1	39.000000	3.688535	1.103789	0
60	2000	52	145	0	0	0	0	0	2
60	2000	53	131	0	0	0	0	0	2
60	2000	54	138	0	0	0	0	0	2
60	2000	55	159	0	0	0	0	0	2
60	2000	56	140	0	0	0	0	0	2
60	2000	57	108	34163	1	33.000000	1.369602	0.294064	0
60	2000	58	141	0	0	0	0	0	2
60	2000	59	128	62464	0	48.000000	2.710088	0.591573	0
60	2000	60	122	262606	1	32.000000	9.943295	2.983987	0
60	2000	61	133	0	0	0	0	0	2
60	2000	62	132	0	0	0	0	0	2
60	2000	63	153	0	0	0	0	0	2
60	2000	64	142	0	0	0	0	0	2
60	2000	65	137	0	0	0	0	0	2
60	2000	66	121	152549	1	34.500000	7.088930	1.630625	0
60	2000	67	146	0	0	0	0	0	2
60	2000	68	120	43093	1	33.000000	1.157066	0.431326	0
60	2000	69	126	84050	1	34.500000	3.120379	0.972219	0
60	2000	70	133	0	0	0	0	0	2
60	2000	71	118	64041	1	37.000000	2.563642	0.590617	0
60	2000	72	137	0	0	0	0	0	2
60	2000	73	134	0	0	0	0	0	2
60	2000	74	130	0	0	0	0	0	2
60	2000	75	125	72058	1	36.000000	2.746485	0.713771	0
60	2000	76	129	0	0	0	0	0	2
60	2000	77	128	126004	1	37.000000	5.459943	1.395552	0
60	2000	78	126	74107	1	33.333333	4.483015	0.816747	0
60	2000	79	111	48988	1	29.142857	1.713600	0.551647	0
60	2000	80	130	0	0	0	0	0	2
60	2000	81	118	97168	1	29.000000	2.576982	1.093168	0
60	2000	82	111	50469	1	32.000000	1.337003	0.470498	0
60	2000	83	144	0	0	0	0	0	2
60	2000	84	160	0	0	0	0	0	2
60	2000	85	138	0	0	0	0	0	2
60	2000	86	115	34473	1	32.000000	1.139374	0.374160	0
60	2000	87	116	28145	1	37.000000	1.152677	0.289609	0
60	2000	88	162	0	0	0	0	0	2
60	2000	89	113	23776	1	38.000000	0.962633	0.216457	0
60	2000	90	128	54675	0	36.000000	2.417012	0.522545	0
60	2000	91	131	0	0	0	0	0	2
60	2000	92	132	0	0	0	0	0	2
60	2000	93	130	0	0	0	0	0	2
60	2000	94	128	28504	1	40.000000	1.224430	0.283849	0
60	2000	95	159	0	0	0	0	0	2
60	2000	96	132	0	0	0	0	0	2
60	2000	97	113	28095	1	33.000000	0.711305	0.287620	0
60	2000	98	143	0	0	0	0	0	2
60	2000	99	142	0	0	0	0	0	2
60	2000	100	128	19189	1	41.000000	0.741329	0.190935	0
60	1000	1	475	0	0	0	0	0	2
60	1000	2	447	0	0	0	0	0	2
60	1000	3	440	0	0	0	0	0	2
60	1000	4	474	0	0	0	0	0	2
60	1000	5	408	0	0	0	0	0	2
60	1000	6	437	0	0	0	0	0	2
60	1000	7	431	0	0	0	0	0	2
60	1000	8	423	0	0	0	0	0	2
60	1000	9	427	0	0	0	0	0	2
60	1000	10	409	0	0	0	0	0	2
60	1000	11	432	0	0	0	0	0	2
60	1000	12	464	0	0	0	0	0	2
60	1000	13	399	0	0	0	0	0	2
60	1000	14	395	0	0	0	0	0	2
60	1000	15	450	0	0	0	0	0	2
60	1000	16	430	0	0	0	0	0	2
60	1000	17	569	0	0	0	0	0	2
60	1000	18	397	0	0	0	0	0	2
60	1000	19	429	0	0	0	0	0	2
60	1000	20	485	0	0	0	0	0	2
60	1000	21	420	0	0	0	0	0	2
60	1000	22	416	0	0	0	0	0	2
60	1000	23	458	0	0	0	0	0	2
60	1000	24	464	0	0	0	0	0	2
60	1000	25	420	0	0	0	0	0	2
60	1000	26	430	0	0	0	0	0	2
60	1000	27	534	0	0	0	0	0	2
60	1000	28	432	0	0	0	0	0	2
60	1000	29	436	0	0	0	0	0	2
60	1000	30	413	0	0	0	0	0	2
60	1000	31	443	0	0	0	0	0	2
60	1000	32	462	0	0	0	0	0	2
60	1000	33	477	0	0	0	0	0	2
60	1000	34	434	0	0	0	0	0	2
60	1000	35	456	0	0	0	0	0	2
60	1000	36	472	0	0	0	0	0	2
60	1000	37	431	0	0	0	0	0	2
60	1000	38	529	0	0	0	0	0	2
60	1000	39	433	0	0	0	0	0	2
60	1000	40	435	0	0	0	0	0	2
60	1000	41	446	0	0	0	0	0	2
60	1000	42	431	0	0	0	0	0	2
60	1000	43	460	0	0	0	0	0	2
60	1000	44	417	0	0	0	0	0	2
60	1000	45	435	0	0	0	0	0	2
60	1000	46	414	0	0	0	0	0	2
60	1000	47	429	0	0	0	0	0	2
60	1000	48	399	0	0	0	0	0	2
60	1000	49	413	0	0	0	0	0	2
60	1000	50	530	0	0	0	0	0	2
60	1000	51	392	0	0	0	0	0	2
60	1000	52	486	0	0	0	0	0	2
60	1000	53	439	0	0	0	0	0	2
60	1000	54	440	0	0	0	0	0	2
60	1000	55	481	0	0	0	0	0	2
60	1000	56	506	0	0	0	0	0	2
60	1000	57	382	0	0	0	0	0	2
60	1000	58	401	0	0	0	0	0	2
60	1000	59	425	0	0	0	0	0	2
60	1000	60	382	0	0	0	0	0	2
60	1000	61	409	0	0	0	0	0	2
60	1000	62	455	0	0	0	0	0	2
60	1000	63	546	0	0	0	0	0	2
60	1000	64	469	0	0	0	0	0	2
60	1000	65	417	0	0	0	0	0	2
60	1000	66	402	0	0	0	0	0	2
60	1000	67	527	0	0	0	0	0	2
60	1000	68	434	0	0	0	0	0	2
60	1000	69	410	0	0	0	0	0	2
60	1000	70	458	0	0	0	0	0	2
60	1000	71	412	0	0	0	0	0	2
60	1000	72	429	0	0	0	0	0	2
60	1000	73	445	0	0	0	0	0	2
60	1000	74	452	0	0	0	0	0	2
60	1000	75	412	0	0	0	0	0	2
60	1000	76	417	0	0	0	0	0	2
60	1000	77	423	0	0	0	0	0	2
60	1000	78	447	0	0	0	0	0	2
60	1000	79	417	0	0	0	0	0	2
60	1000	80	467	0	0	0	0	0	2
60	1000	81	436	0	0	0	0	0	2
60	1000	82	424	0	0	0	0	0	2
60	1000	83	490	0	0	0	0	0	2
60	1000	84	529	0	0	0	0	0	2
60	1000	85	480	0	0	0	0	0	2
60	1000	86	391	0	0	0	0	0	2
60	1000	87	408	0	0	0	0	0	2
60	1000	88	393	0	0	0	0	0	2
60	1000	89	426	0	0	0	0	0	2
60	1000	90	457	0	0	0	0	0	2
60	1000	91	440	0	0	0	0	0	2
60	1000	92	440	0	0	0	0	0	2
60	1000	93	466	0	0	0	0	0	2
60	1000	94	435	0	0	0	0	0	2
60	1000	95	423	0	0	0	0	0	2
60	1000	96	436	0	0	0	0	0	2
60	1000	97	427	0	0	0	0	0	2
60	1000	98	460	0	0	0	0	0	2
60	1000	99	455	0	0	0	0	0	2
60	1000	100	473	0	0	0	0	0	2
